SCORE: 78 / 100
ERROR: 0
--------------Error LIST-------------------
[]
--------------False LIST-------------------
[524853, 32941, 194894, 397951, 313093, 331054, 133695, 1989, 108867, 23258, 113292, 17467, 673524, 884687, 51658, 344285, 15978, 53950, 21383, 374, 102, 373]

SCORE: 3286 / 4000
ERROR: 0
--------------Error LIST-------------------
[]
--------------False LIST-------------------
[348427, 349587, 780875, 554019, 349378, 349378, 116635, 226323, 854160, 889969, 123257, 123257, 325437, 17499, 17499, 252354, 252354, 401317, 259484, 278195, 318136, 341690, 484519, 218985, 130199, 59378, 54603, 306030, 313257, 196149, 485468, 485468, 36939, 54601, 282234, 93268, 93268, 70081, 751974, 433091, 160844, 94199, 945067, 532691, 125960, 529172, 504187, 31375, 245553, 3703, 17521, 726769, 551450, 577565, 577565, 178921, 51658, 362682, 195016, 601825, 78248, 444861, 32941, 59193, 583374, 379320, 36343, 16938, 348996, 854434, 5272, 707914, 185715, 342847, 166281, 2051, 2768, 5944, 5944, 13251, 41074, 41074, 650485, 5449, 224450, 42849, 55059, 287943, 198596, 170752, 17368, 44975, 10582, 385537, 228593, 48891, 489158, 951390, 62851, 126422, 225301, 135082, 64944, 149649, 100758, 153941, 166609, 223506, 463584, 176501, 218716, 290841, 290841, 353379, 353379, 431884, 306210, 306210, 130086, 265936, 267451, 78088, 214341, 590383, 625576, 625576, 341942, 341942, 348705, 138071, 529959, 884687, 884687, 32950, 667059, 667059, 854189, 395277, 835302, 6357, 885018, 317281, 135905, 912501, 810934, 911759, 538037, 286839, 17368, 166609, 10649, 923966, 6522, 881909, 344285, 817169, 517724, 274752, 675351, 31653, 751364, 442495, 73856, 6522, 16938, 51656, 51656, 136412, 159641, 288740, 304990, 346236, 353324, 4336, 4336, 936, 936, 2568, 2568, 44962, 9702, 28335, 93233, 122427, 149649, 185537, 214341, 255743, 299618, 323947, 945001, 10649, 54601, 681721, 299618, 344285, 568011, 650485, 142353, 5621, 5621, 17410, 17410, 8620, 27149, 172905, 172905, 719428, 774920, 483672, 37736, 28679, 1820, 5951, 19700, 670357, 291492, 130001, 291492, 17337, 5483, 121055, 2519, 2519, 23258, 21256, 10820, 10820, 25143, 2417, 2417, 55592, 55592, 10705, 451234, 14558, 32318, 669, 2032, 2032, 5519, 5519, 678924, 146943, 348427, 780875, 746380, 5333, 10214, 1901, 1901, 52371, 52371, 1990, 1937, 1961, 1990, 2051, 2051, 2614, 665, 665, 11116, 335794, 11116, 14811, 1974, 1989, 9941, 9941, 101715, 8514, 8514, 110625, 20259, 110625, 4249, 11177, 4249, 215411, 215411, 5513, 5513, 155491, 7998, 11195, 2091, 101497, 10967, 3736, 150616, 279494, 56123, 53172, 2069, 3897, 1924, 17401, 17401, 311894, 311894, 62845, 213857, 213857, 95790, 78353, 78353, 78353, 2043, 8058, 8058, 17294, 17294, 3648, 3898, 38145, 4226, 4226, 17187, 17187, 17343, 17343, 33274, 3841, 3841, 410767, 115059, 3966, 2394, 12911, 12911, 6251, 135238, 10867, 16400, 25143, 550808, 116945, 263349, 263349, 63252, 538616, 22364, 22364, 44816, 220726, 3831, 61366, 747, 934, 10334, 146148, 31995, 402158, 35243, 28423, 1252, 1252, 66384, 35149, 35149, 27713, 27713, 110167, 110167, 3175, 16822, 951656, 180227, 114559, 152299, 152299, 120796, 114841, 25428, 1953, 1953, 32708, 3785, 3785, 8147, 8147, 48260, 48260, 44958, 5448, 13797, 1942, 1942, 373102, 73479, 7782, 14529, 53277, 125814, 125814, 317635, 1919, 1919, 17184, 17184, 7913, 86461, 5449, 5449, 20734, 11160, 12541, 5031, 5031, 111914, 111914, 46568, 331760, 74018, 290234, 27907, 27907, 276207, 108346, 2428, 41916, 2088, 44926, 126336, 71334, 158301, 313963, 353944, 912620, 31502, 7440, 274752, 45904, 45904, 164855, 538115, 765402, 139796, 580888, 195340, 13651, 13651, 35824, 292811, 272457, 827408, 410006, 225977, 6371, 425221, 12548, 407316, 407316, 298904, 298904, 464681, 250291, 332537, 140911, 6697, 6697, 465021, 496186, 286434, 8070, 608225, 288249, 270984, 270984, 207283, 207283, 43810, 43810, 246918, 246918, 683710, 120945, 62240, 274367, 146301, 469001, 296355, 296355, 722741, 3898, 4650, 115197, 82951, 104184, 440788, 440788, 98515, 1659, 130196, 182497, 10334, 10334, 11331, 87205, 53185, 143890, 143890, 675088, 2088, 159719, 41936, 2082, 95728, 934355, 23759, 166769, 209298, 345218, 93796, 403164, 13090, 392791, 9880, 15613, 220083, 451222, 648296, 710192, 710192, 15614, 861029, 4203, 4203, 317830, 19992, 35890, 35890, 111583, 360991, 8295, 8295, 16273, 3708, 6920, 40085, 107228, 107228, 2024, 2024, 3942, 23593, 710092, 1947, 609073, 530088, 232009, 140268, 445952, 872632, 408688, 408688, 189835, 73864, 19452, 1924, 7612, 159840, 159840, 170177, 9117, 323066, 87995, 102842, 54117, 10838, 308242, 1918, 1918, 125932, 113643, 126039, 48413, 6097, 85731, 425224, 425224, 99201, 5487, 5487, 50496, 391192, 800154, 800154, 62741, 445584, 53707, 508767, 774304, 70134, 148414, 458336, 344888, 437712, 39688, 39688, 884146, 884146, 894493, 2918, 19824, 12481, 675946, 104958, 104958, 489857, 239459, 239459, 50804, 8140, 814122, 109415, 7675, 194464, 470922, 6224, 6224, 184658, 133404, 749, 8248, 749, 184672, 754756, 5374, 115031, 684064, 14447, 14447, 734818, 584431, 584431, 23996, 23996, 120647, 284321, 360134, 16800, 78304, 256342, 907713, 39058, 206406, 818528, 39458, 3832, 39734, 59033, 7879, 171115, 41587, 3842, 817155, 373210, 125989, 67551, 3198, 4502, 4502, 32210, 87205, 86524, 127661, 34638, 207539, 207539, 92022, 330604, 758984, 425349, 87417, 10490, 10490, 312945, 7382, 28335, 531024, 6263, 125814, 125814, 67620, 6263, 43301, 6130, 2295, 11781, 550489, 132292, 132292, 6697, 6697, 3871, 2721, 17615, 36886, 7575, 2867, 2867, 41074, 41074, 485468, 5549, 798644, 862126, 25625, 56305, 33479, 5114, 5114]

SCORE: 10130 / 17000
ERROR: 5021
--------------Error LIST-------------------
[74980, 32919, 313651, 611012, 668823, 668823, 13962, 13962, 16265, 137720, 137720, 87367, 87367, 115226, 219117, 219117, 414413, 98948, 106872, 106872, 235511, 288605, 288605, 722494, 925217, 925217, 596228, 596228, 141029, 819566, 819566, 83124, 83124, 184787, 184787, 332580, 332580, 536476, 536476, 37436, 37436, 186723, 186723, 48165, 48165, 811741, 811741, 529214, 294282, 294282, 312821, 312821, 182310, 182310, 256840, 256840, 129183, 129183, 485168, 485168, 930633, 304091, 304091, 630631, 842020, 33049, 33049, 443884, 149282, 11501, 11501, 49528, 140392, 140392, 625800, 137838, 439261, 98834, 98834, 443970, 65676, 86960, 728337, 750828, 42756, 42756, 225195, 582674, 945205, 945205, 595804, 595804, 285582, 195004, 28346, 28346, 82153, 82153, 184065, 105722, 105722, 489508, 184769, 184769, 47310, 47310, 827300, 68230, 68230, 20557, 20557, 161510, 232637, 55685, 731860, 731860, 762111, 442928, 139541, 139541, 156106, 156106, 320505, 320505, 322555, 265137, 58306, 239911, 112691, 266420, 85135, 568943, 276399, 73684, 73684, 412268, 44239, 57545, 57545, 56571, 549703, 83404, 531646, 531646, 39084, 437907, 11654, 610264, 610264, 95214, 480169, 480169, 949772, 949772, 171219, 171219, 120879, 120879, 64491, 64491, 327715, 327715, 282778, 282778, 270264, 270264, 298910, 116926, 116926, 5710, 546821, 22723, 397100, 416610, 469640, 469640, 532063, 928386, 135650, 135650, 86499, 86499, 56634, 47000, 17786, 17786, 536707, 536707, 228455, 228455, 303759, 303759, 947168, 947168, 11501, 11501, 245882, 150248, 614086, 614086, 176357, 176357, 277361, 277361, 566553, 566553, 939831, 939831, 79824, 79824, 61313, 61313, 36016, 36016, 107488, 107488, 627228, 627228, 64160, 64160, 783803, 783803, 237092, 237092, 95383, 95383, 11600, 11600, 11436, 11436, 876477, 876477, 669676, 669676, 370038, 370038, 4615, 4615, 769314, 769314, 597295, 597295, 627280, 627280, 50311, 50311, 356500, 356500, 156750, 156750, 572271, 572271, 450106, 450106, 115034, 115034, 362840, 362840, 526410, 845958, 845958, 526410, 749634, 749634, 452751, 517872, 517872, 452751, 504156, 504156, 144611, 144611, 881364, 881364, 66668, 66668, 372657, 372657, 6251, 6251, 756366, 756366, 141940, 141940, 359830, 359830, 848688, 848688, 84746, 84746, 248857, 360333, 360333, 194732, 194732, 852820, 852820, 235469, 235469, 76951, 76951, 164746, 164746, 196984, 196984, 149932, 149932, 189248, 189248, 37724, 37724, 224787, 224787, 605497, 255650, 255650, 605497, 102154, 320838, 320838, 102154, 15520, 15520, 291526, 291526, 65347, 65347, 346411, 346411, 204129, 204129, 142870, 142870, 273375, 273375, 734453, 734453, 112738, 112738, 16262, 16262, 931115, 931115, 141991, 141991, 661398, 661398, 289752, 289752, 7204, 7204, 83955, 83955, 215269, 215269, 131341, 131341, 922954, 922954, 365651, 365651, 109623, 109623, 441860, 303411, 303411, 387990, 387990, 204680, 83004, 83004, 628876, 200986, 200986, 664501, 664501, 64535, 170912, 170912, 307385, 307385, 586977, 586977, 93313, 93313, 9861, 9861, 276011, 304339, 611458, 611458, 166361, 166361, 17886, 17886, 44022, 60355, 548948, 22889, 118865, 328321, 170729, 170729, 68962, 556562, 886770, 525377, 615161, 525377, 4267, 171936, 63310, 4267, 312468, 312468, 100775, 100775, 123215, 62882, 123215, 78252, 78252, 431695, 298889, 298889, 161145, 515571, 515571, 12292, 808080, 72923, 85537, 468836, 468836, 2934, 359243, 359243, 124631, 151357, 8038, 609822, 609822, 306409, 306409, 941854, 941854, 8038, 391727, 128703, 128703, 360178, 360178, 291653, 291653, 4219, 4219, 126754, 126754, 40590, 242852, 73186, 818857, 73186, 422967, 818857, 304189, 304189, 592584, 308911, 308911, 510911, 510911, 282937, 282937, 211767, 211767, 792770, 792770, 302349, 302349, 594282, 571621, 571621, 318680, 318680, 932392, 932392, 422695, 422695, 473065, 473065, 17197, 17197, 502774, 102368, 811926, 811926, 367201, 35690, 35690, 537457, 537457, 379832, 41372, 59228, 803650, 544899, 167559, 774609, 317228, 317228, 185067, 466575, 615251, 770758, 9121, 9121, 373834, 373834, 276879, 918925, 711987, 84519, 398858, 444044, 48069, 56309, 217797, 296036, 569908, 185172, 384072, 112287, 33758, 491578, 219276, 219276, 9877, 9877, 63740, 269592, 136908, 175736, 136034, 37270, 193223, 129767, 129767, 558224, 756281, 756281, 670353, 670353, 290677, 290677, 83983, 83983, 400336, 50496, 50496, 576827, 441050, 9969, 22412, 22412, 10834, 10834, 41102, 85702, 246547, 246547, 10227, 10227, 234596, 24415, 860081, 860081, 818161, 584721, 584721, 4274, 4274, 133621, 133621, 4336, 4336, 14558, 14558, 156767, 838920, 1752, 766525, 766525, 45740, 141498, 190123, 190123, 59638, 931347, 657667, 15780, 15780, 320967, 320967, 583304, 51421, 81681, 299059, 299059, 359344, 599620, 599620, 758, 758, 377248, 587274, 587274, 43009, 43009, 200002, 922513, 922513, 71378, 71378, 414021, 2542, 2542, 329192, 329192, 190907, 190907, 249170, 249170, 936195, 936195, 78357, 78357, 258552, 258552, 368148, 368148, 568307, 786409, 713196, 713196, 928676, 928676, 398675, 398675, 185686, 185686, 407366, 790509, 291680, 291680, 396189, 474388, 474388, 524614, 14131, 288215, 203100, 203100, 487489, 487489, 218515, 218515, 6188, 6188, 23361, 23361, 152509, 152509, 122232, 122232, 56061, 56061, 674061, 674061, 275819, 175088, 331875, 223695, 223695, 368569, 368569, 202373, 202373, 53725, 53725, 355989, 204983, 571724, 571724, 114522, 114522, 44816, 44816, 109437, 109437, 22044, 22044, 185668, 185668, 687012, 687012, 398228, 67324, 171320, 171320, 50466, 50466, 293369, 520607, 183165, 54601, 54601, 313734, 726107, 726107, 137505, 137505, 139517, 583602, 490534, 490534, 56424, 925923, 925923, 53726, 310460, 635787, 142891, 644585, 644585, 50498, 50498, 586012, 586012, 108514, 524372, 553868, 462380, 8847, 662557, 48199, 16339, 16339, 465697, 465697, 330701, 5610, 5610, 563801, 781763, 86341, 781763, 86341, 851420, 851420, 328348, 328348, 109015, 704190, 704190, 318111, 518712, 266426, 318111, 266426, 120471, 646101, 120471, 297281, 925638, 86585, 86585, 925638, 142873, 142873, 357159, 357159, 439823, 439823, 66416, 537790, 577654, 58299, 58299, 139786, 139786, 134889, 134889, 287969, 287969, 15578, 15578, 943407, 260554, 101577, 101577, 154727, 154727, 248794, 248794, 68433, 68433, 426259, 127471, 210317, 91799, 91799, 490570, 490570, 380457, 329767, 121674, 314074, 314074, 584341, 126283, 672334, 77153, 77153, 471449, 69749, 380448, 380448, 955089, 955089, 18284, 18284, 137809, 234643, 234643, 154178, 717831, 111729, 15982, 67551, 67551, 145894, 168034, 565118, 249056, 249056, 154101, 664020, 664020, 20722, 20722, 41384, 140908, 140908, 192727, 858812, 858812, 460104, 428449, 428449, 178780, 178780, 95348, 577714, 577714, 8506, 8506, 487520, 487520, 634729, 634729, 93763, 91893, 34150, 328282, 328282, 730685, 730685, 556939, 556939, 472335, 472335, 42162, 262270, 615118, 57837, 57837, 728174, 728174, 36205, 947119, 947119, 10889, 433589, 382520, 272165, 25600, 255214, 25600, 138091, 614290, 614290, 234910, 531114, 473224, 7866, 844203, 449912, 101185, 565618, 34156, 10998, 10998, 84590, 84590, 384863, 48006, 35872, 121264, 354604, 121264, 347758, 347758, 354604, 936742, 76483, 831669, 831669, 455419, 237006, 237006, 626881, 626881, 265800, 345978, 168832, 305800, 3780, 3780, 282717, 282717, 421604, 13252, 13252, 268739, 207438, 882379, 523989, 523989, 109148, 109148, 198571, 538417, 82610, 82610, 53685, 53685, 19068, 445186, 445186, 100109, 264482, 264482, 128429, 128429, 562408, 562408, 784539, 784539, 679038, 679038, 72423, 16853, 9085, 686104, 686104, 46934, 46934, 114232, 11843, 42222, 535525, 257735, 257735, 52569, 50591, 119626, 119626, 545184, 229419, 129763, 11904, 492825, 59343, 10919, 10919, 203001, 203001, 797397, 797397, 125308, 125308, 2838, 2838, 91943, 181906, 181906, 539815, 539815, 272137, 574725, 641746, 171125, 246989, 105449, 105449, 409594, 356307, 356307, 141198, 141198, 295699, 122581, 122581, 447927, 447927, 54813, 54813, 242326, 498750, 498750, 118570, 118570, 343913, 343913, 97228, 97228, 211636, 211636, 815030, 815030, 894723, 72541, 492888, 492888, 752972, 752972, 62053, 83502, 84722, 84722, 370986, 370986, 2647, 367374, 435380, 435380, 55497, 524497, 524497, 240414, 9820, 9820, 392238, 78164, 78164, 14535, 76409, 313551, 313551, 168708, 168708, 171295, 204259, 204259, 93275, 93275, 627799, 627799, 102194, 102194, 538364, 538364, 929998, 929998, 109665, 5454, 5454, 205980, 205980, 372244, 372244, 108098, 108098, 34479, 181828, 18284, 396798, 396798, 18284, 35824, 35824, 796214, 206663, 51238, 409082, 321374, 128428, 128428, 357477, 357477, 5929, 456797, 5929, 310514, 476321, 572990, 592888, 592888, 572990, 892212, 373219, 12153, 12153, 739248, 746227, 653069, 653069, 37247, 153293, 913721, 913721, 204080, 385985, 385985, 563247, 6199, 6199, 117063, 472380, 551899, 551899, 195378, 252724, 442107, 442107, 133649, 77684, 101407, 317638, 37141, 562026, 425246, 254734, 733398, 57468, 224805, 954322, 475331, 753995, 359855, 611413, 211243, 48633, 48633, 185269, 22041, 22041, 307985, 50597, 316069, 540983, 540983, 448240, 448240, 308206, 308206, 572799, 572799, 426582, 426582, 68123, 68123, 73222, 73222, 45640, 45640, 86661, 306853, 125870, 125870, 255784, 301073, 301073, 756226, 756226, 443592, 443592, 667956, 667956, 175392, 175392, 559802, 559802, 313219, 313219, 112208, 266973, 266973, 147924, 147924, 54839, 54839, 314162, 669715, 616071, 59361, 2908, 64799, 32666, 256694, 256694, 225967, 225967, 666314, 666314, 12127, 372401, 170120, 108575, 39411, 39411, 924806, 924806, 93572, 252344, 252344, 308379, 308379, 178307, 280983, 280983, 832559, 832559, 333039, 333039, 743226, 743226, 283162, 283162, 69250, 69250, 393258, 438209, 326209, 326209, 386023, 386023, 15927, 15927, 561486, 561486, 70992, 70992, 240501, 240501, 70627, 731038, 934297, 3708, 17100, 17100, 769996, 59054, 11116, 11116, 153201, 212697, 471614, 711987, 711987, 833165, 833165, 851356, 188367, 188367, 50302, 50302, 897596, 19339, 19339, 80773, 516459, 516459, 533931, 533931, 295697, 295697, 298220, 298220, 129550, 129550, 280863, 207548, 207548, 17514, 17514, 747168, 747168, 182598, 182598, 768704, 768704, 472287, 133643, 133643, 14180, 14180, 169159, 169159, 771782, 771782, 17499, 141970, 17499, 141970, 43521, 614051, 273199, 273199, 570257, 570257, 60247, 60247, 74422, 74422, 73168, 73168, 322411, 322411, 302311, 302311, 50667, 50667, 293812, 293812, 323926, 323926, 35682, 35682, 272359, 272359, 52402, 52402, 25585, 25585, 235225, 235225, 835647, 835647, 771237, 771237, 4654, 4654, 766423, 766423, 64530, 64530, 793036, 793036, 42557, 42557, 736212, 736212, 192189, 491111, 491111, 111300, 111300, 504852, 130153, 130153, 8429, 8429, 1731, 1731, 5333, 5333, 208876, 145070, 145070, 97348, 176297, 98286, 248134, 248134, 668352, 668352, 465357, 465357, 262630, 262630, 508672, 915761, 46281, 46281, 917801, 917801, 60372, 60372, 115535, 147699, 147699, 576683, 576683, 43709, 652686, 312511, 826272, 108949, 228994, 228994, 154608, 49686, 49686, 466152, 466152, 121217, 121217, 61259, 61259, 51183, 47963, 51183, 442853, 47745, 47745, 116021, 116021, 573631, 573631, 208017, 208017, 228050, 228050, 318367, 318367, 499077, 499077, 70915, 70915, 719770, 665121, 665121, 14211, 14211, 471614, 471614, 677100, 677100, 2890, 2890, 169825, 169825, 746730, 532587, 532587, 571542, 571542, 123391, 123391, 16485, 16485, 522954, 522954, 16208, 16208, 3213, 3213, 51575, 51575, 784052, 784052, 68464, 68464, 8667, 8667, 13974, 13974, 346750, 346750, 152538, 152538, 225279, 225279, 351839, 351839, 36921, 36921, 274961, 274961, 858913, 858913, 120733, 120733, 665698, 665698, 111279, 111279, 153683, 153683, 80132, 80132, 38129, 38129, 221766, 221766, 735313, 735313, 61690, 61690, 336445, 336445, 94786, 555419, 71264, 71264, 291087, 444769, 755176, 755176, 170439, 170439, 56394, 56394, 579545, 39337, 39337, 300719, 13208, 13208, 900930, 900930, 357422, 877065, 761479, 761479, 70991, 70991, 7404, 7404, 460342, 109370, 140360, 150493, 150493, 499372, 499372, 2969, 2969, 829561, 117424, 117424, 159267, 159267, 35862, 35862, 847683, 752552, 93796, 483014, 228431, 228431, 180657, 488529, 488529, 333437, 28491, 28491, 934079, 934079, 13372, 36124, 36124, 34368, 34368, 425645, 425645, 405976, 405976, 260077, 260077, 124236, 124236, 75449, 11904, 333138, 333138, 863105, 863105, 36535, 81149, 36918, 36918, 105194, 105194, 110093, 110093, 521909, 521909, 52483, 593481, 593481, 822767, 955202, 38483, 38483, 822767, 172764, 172764, 495102, 1779, 61803, 830350, 171590, 171590, 415123, 415123, 6762, 6762, 17579, 496412, 496412, 287307, 41916, 41916, 32439, 49730, 129893, 129893, 77817, 472637, 472637, 146493, 146493, 855866, 337175, 337175, 121779, 121779, 108297, 108297, 21613, 481995, 45475, 26815, 110474, 110474, 666444, 666444, 109754, 95914, 509592, 186886, 122528, 170711, 181105, 705682, 374128, 64016, 169585, 268929, 125818, 100016, 627801, 321919, 863787, 469219, 469219, 12061, 12061, 5928, 12075, 12075, 18046, 18046, 681178, 298907, 768076, 764932, 37097, 37097, 509588, 447957, 580236, 580236, 16748, 16748, 73602, 91667, 192230, 297963, 297963, 1725, 1725, 37268, 37268, 189966, 413480, 413480, 633936, 633936, 218429, 218429, 437512, 250512, 359830, 359830, 275756, 275756, 201854, 201854, 261669, 261669, 55672, 159719, 152815, 152815, 63218, 404483, 277240, 358109, 234530, 38789, 10576, 41862, 41862, 212581, 577201, 28363, 332672, 332672, 378023, 119138, 189050, 120912, 120912, 10021, 10021, 404608, 404608, 818, 623604, 244511, 97773, 266277, 60944, 60944, 38579, 38579, 86446, 86446, 12835, 190129, 190129, 37130, 53578, 660276, 489746, 279386, 839955, 71928, 61390, 101201, 396203, 112184, 112184, 419223, 466906, 53478, 53478, 65749, 65749, 95814, 57716, 95814, 57716, 232610, 232610, 130352, 130352, 202006, 231928, 216797, 106826, 293432, 293432, 436944, 87457, 87457, 199632, 17145, 17145, 13418, 22459, 40009, 540003, 346369, 313937, 313937, 346369, 15325, 15325, 242269, 354588, 354588, 211563, 211563, 576515, 576515, 668382, 882572, 882572, 283992, 780353, 780353, 45475, 45475, 167269, 167269, 492395, 138986, 932549, 748853, 748853, 358582, 801912, 801912, 124353, 124353, 32319, 336504, 336504, 296281, 296281, 32319, 651241, 96694, 751082, 651241, 23995, 23995, 803977, 803977, 234488, 234488, 484411, 484411, 189982, 189982, 107208, 107208, 153149, 153149, 926130, 926130, 113877, 113877, 521108, 521108, 833096, 833096, 109405, 109405, 416883, 416883, 732259, 732259, 940014, 940014, 944984, 944984, 639724, 639724, 809495, 809495, 51192, 51192, 73222, 73222, 49770, 49770, 152971, 152971, 853819, 853819, 747345, 747345, 35725, 35725, 331855, 331855, 40950, 40950, 40944, 40944, 70979, 70979, 40948, 40948, 943023, 943023, 35257, 35257, 33479, 33479, 65684, 65684, 771153, 771153, 943038, 943038, 353399, 353399, 122400, 122400, 317537, 317537, 903652, 903652, 745933, 745933, 667731, 667731, 104062, 104062, 329350, 329350, 182305, 182305, 12760, 12760, 45646, 45646, 349311, 349311, 135082, 135082, 290841, 290841, 816803, 816803, 30418, 18413, 18413, 9696, 140911, 140911, 304500, 304500, 922250, 922250, 461088, 126831, 126831, 249960, 249960, 460445, 460445, 137424, 137424, 246651, 483791, 483791, 202097, 202097, 801344, 76104, 76104, 504532, 504532, 943562, 790170, 811424, 811424, 157492, 157492, 198143, 198143, 222252, 222252, 484668, 5988, 5988, 878451, 14120, 14120, 488607, 488607, 185541, 63001, 63001, 346420, 346420, 188684, 214426, 214426, 259220, 816887, 816887, 156367, 156367, 453598, 453598, 83242, 83242, 685699, 685699, 32982, 32982, 438852, 438852, 32699, 32699, 17581, 17581, 625812, 625812, 6988, 6988, 177225, 177225, 719578, 719578, 573247, 573247, 59653, 59653, 893972, 893972, 794105, 794105, 942248, 942248, 354914, 354914, 392333, 392333, 28177, 28177, 581001, 581001, 710011, 710011, 546545, 546545, 136149, 136149, 875732, 875732, 141742, 141742, 48749, 48749, 638973, 638973, 226141, 226141, 119057, 119057, 342231, 342231, 472409, 472409, 515152, 515152, 101859, 101859, 258085, 258085, 17398, 378480, 378480, 150285, 47618, 47618, 118299, 28624, 118299, 28624, 354729, 354729, 177974, 312618, 177974, 39004, 39004, 312618, 439560, 439560, 923017, 923017, 681013, 681013, 198193, 198193, 865365, 865365, 927929, 927929, 794853, 794853, 101985, 101985, 930111, 930111, 291482, 291482, 203490, 203490, 292727, 292727, 414286, 414286, 637099, 637099, 254058, 117008, 124767, 207325, 207325, 739699, 739699, 16614, 212445, 86547, 86547, 5802, 5802, 66793, 66793, 87594, 87594, 168076, 41919, 42563, 33241, 51509, 51509, 8788, 8788, 911069, 174015, 363573, 122510, 122510, 627468, 627468, 703678, 495486, 168872, 168872, 632826, 632826, 74498, 74498, 132238, 132238, 238607, 37390, 37390, 116635, 116635, 37621, 37621, 287286, 287286, 469767, 469767, 189405, 189405, 182632, 182632, 374716, 374716, 519110, 519110, 9752, 9752, 48904, 87820, 194732, 194732, 71561, 71561, 121890, 121890, 300846, 300846, 586178, 337693, 337693, 953968, 953968, 954111, 954111, 907276, 762689, 762689, 715197, 715197, 33121, 33121, 153337, 681229, 33502, 33502, 324206, 324206, 297870, 297870, 721658, 721658, 17601, 264648, 869692, 869692, 671907, 283476, 804328, 456534, 11790, 11790, 321862, 15528, 321862, 15528, 309122, 415382, 415382, 236093, 43436, 92098, 67664, 67664, 539246, 78677, 79077, 78677, 51952, 339404, 23775, 23775, 52755, 808946, 69369, 391043, 71907, 192990, 71907, 328121, 306067, 35447, 306067, 35447, 158643, 328121, 57812, 158643, 67879, 731637, 67879, 731637, 589442, 257265, 589442, 189738, 322929, 322929, 189738, 133314, 802949, 53083, 53083, 802949, 163128, 163128, 508057, 293412, 293412, 888085, 172676, 888085, 172676, 247433, 247433, 491621, 491621, 5379, 420153, 130141, 420153, 130141, 70562, 70562, 120426, 120426, 492481, 4336, 4336, 922796, 922796, 654606, 654606, 81373, 81373, 35303, 35303, 591628, 591628, 81829, 81829, 393036, 393036, 840918, 152943, 152943, 198068, 198068, 214591, 99152, 110190, 14722, 14722, 5240, 5240, 178925, 178925, 715157, 294321, 294321, 74014, 74014, 198807, 152310, 152310, 296765, 296765, 269286, 632385, 632385, 708681, 708681, 674423, 674423, 664218, 664218, 467009, 467009, 599187, 599187, 15056, 15056, 95738, 64897, 64897, 756959, 756959, 679721, 679721, 103056, 103056, 175657, 175657, 319408, 319408, 483878, 483878, 360056, 360056, 286965, 286965, 460144, 460144, 80055, 80055, 32223, 32223, 513453, 190680, 190680, 119224, 119224, 394138, 394138, 537776, 49087, 60453, 718731, 482696, 482696, 733545, 266583, 266583, 284270, 17157, 284270, 655930, 17157, 54774, 54774, 2775, 2775, 489158, 257345, 489158, 470724, 257345, 470724, 939927, 939927, 356493, 180351, 748438, 293592, 273915, 921446, 273915, 393727, 393727, 205842, 205842, 685972, 685972, 6091, 6091, 289632, 289632, 178186, 178186, 7454, 7454, 139505, 139505, 8837, 713630, 713630, 359830, 359830, 190264, 190264, 125770, 125770, 147662, 147662, 234143, 234143, 925196, 283472, 283472, 939963, 939963, 384920, 384920, 614472, 293382, 539517, 539517, 55670, 924192, 331655, 924192, 100960, 15727, 15727, 100960, 527016, 527016, 401968, 924309, 924309, 343364, 100109, 227461, 146703, 2867, 2867, 753659, 753659, 71955, 71955, 612330, 41914, 649611, 649611, 437552, 437552, 97773, 10906, 10906, 671341, 671341, 70400, 361652, 361652, 355187, 355187, 103462, 134371, 103462, 772084, 772084, 135905, 134371, 277509, 135905, 429915, 429915, 644534, 644534, 288376, 114586, 784607, 784607, 485821, 485821, 14212, 2703, 2703, 14212, 279251, 16528, 16528, 679461, 434363, 27283, 27283, 356443, 374647, 374647, 364364, 356443, 364364, 814204, 531159, 906584, 906584, 619710, 619710, 422728, 618385, 618385, 86461, 86461, 115712, 416354, 416354, 117108, 117108, 373111, 373111, 7137, 7137, 532561, 199824, 199824, 85895, 85895, 777012, 532460, 43301, 43301, 567861, 148263, 63646, 590321, 39565, 14176, 14176, 628339, 13899, 469240, 469240, 56371, 56371, 64015, 64015, 146153, 146153, 35875, 444674, 50688, 50688, 967, 18787, 18787, 423371, 423371, 61514, 61514, 138910, 913526, 197876, 155057, 155057, 854765, 854765, 216342, 216342, 895003, 895003, 367845, 769116, 769116, 123911, 123911, 594588, 594588, 427421, 427421, 147827, 147827, 131366, 131366, 3753, 3753, 673779, 673779, 128425, 128425, 711390, 517130, 153092, 153092, 120873, 120873, 628059, 628059, 664193, 83788, 36009, 36009, 289589, 289589, 357001, 285530, 310117, 310117, 135316, 78773, 78773, 623251, 596991, 202765, 36058, 36058, 507088, 308708, 135641, 135641, 744734, 744734, 156292, 156292, 4262, 4262, 54673, 186723, 845337, 845337, 199426, 503567, 503567, 100687, 100687, 43785, 11305, 11305, 712393, 461002, 461002, 37451, 37451, 193369, 373102, 302576, 508420, 373768, 295013, 74779, 74779, 295013, 777753, 33603, 946377, 946377, 33603, 433527, 85148, 85148, 139971, 778611, 778611, 425124, 425124, 20644, 20644, 205549, 201343, 231161, 535525, 894050, 112202, 112202, 426534, 103248, 103248, 249005, 729229, 15719, 15625, 137511, 137511, 56627, 56627, 408180, 146016, 487379, 146016, 185438, 185438, 736397, 37248, 37248, 227331, 227331, 192563, 48089, 192563, 48089, 98925, 43791, 43791, 184997, 184997, 264191, 39688, 39688, 264191, 395646, 739948, 739948, 126073, 205496, 139794, 139794, 523318, 239987, 239987, 316119, 316119, 33980, 33980, 23146, 23146, 48391, 48391, 247088, 205205, 205205, 11164, 11164, 10389, 597203, 597203, 156277, 156277, 226330, 138080, 440389, 440389, 75230, 75230, 264929, 771135, 413853, 413853, 392791, 701555, 826403, 701586, 781562, 781562, 200983, 529561, 2584, 529561, 37104, 274951, 274951, 122417, 122417, 144242, 144242, 466766, 74326, 74326, 437820, 437820, 158261, 818552, 524887, 524887, 505696, 505696, 59337, 59337, 36018, 36018, 487411, 3739, 3739, 471647, 471647, 103462, 494847, 494847, 188543, 188543, 56450, 56450, 2892, 57118, 2892, 317110, 317110, 57118, 66682, 66682, 814356, 814356, 949743, 949743, 662893, 662893, 473937, 567775, 63146, 730993, 21030, 21030, 546663, 45222, 546663, 304999, 645076, 645076, 176731, 844992, 297552, 297552, 6766, 6766, 467965, 175377, 175377, 241312, 79654, 79654, 12609, 12609, 37207, 218767, 79653, 464272, 577069, 41801, 334962, 860415, 457723, 457723, 517271, 517271, 478886, 478886, 462927, 44316, 44316, 736060, 360406, 225693, 228802, 303417, 16448, 724277, 521341, 215329, 8768, 8768, 181609, 115980, 115980, 281683, 41670, 41670, 78009, 78009, 6768, 611617, 59078, 193724, 60371, 60371, 186543, 185628, 185628, 63483, 63483, 625600, 625600, 159235, 157452, 256305, 845748, 845748, 605345, 605345, 615058, 615058, 64611, 512219, 219267, 272415, 827515, 72146, 70129, 70129, 51992, 51992, 85953, 85953, 147025, 2583, 2583, 266277, 215631, 215631, 445593, 185172, 1711, 12106, 12106, 138679, 138679, 572850, 370985, 370985, 732224, 12100, 950625, 950625, 47839, 47839, 350745, 57428, 525040, 123738, 123738, 112043, 112043, 38813, 41797, 294871, 294871, 372335, 372335, 349558, 349558, 918505, 7156, 149443, 15703, 15703, 28272, 28272, 4933, 4933, 25135, 25135, 15973, 15973, 1661, 626674, 204773, 338405, 311444, 103017, 134900, 179906, 52484, 52484, 111437, 111437, 320235, 438100, 438100, 213930, 65310, 65310, 248521, 248521, 154907, 925325, 925325, 150211, 150211, 28098, 28098, 285987, 285987, 666497, 666497, 95372, 95372, 225458, 588145, 248129, 248129, 378598, 378598, 360075, 36510, 128392, 28066, 28066, 397037, 78480, 78480, 525978, 360075, 675540, 740492, 740492, 710894, 851394, 851394, 852142, 445493, 16450, 216290, 216290, 627224, 627224, 714760, 465138, 465138, 175213, 175213, 5943, 5943, 444951, 529821, 529821, 159468, 159468, 301870, 92937, 92937, 792319, 686081, 413999, 686081, 538602, 538602, 314236, 623473, 142440, 623473, 758118, 55005, 55005, 297511, 271932, 517199, 517199, 252227, 252227, 192288, 192288, 950788, 950788, 537471, 537471, 76607, 76607, 303850, 303850, 549988, 549988, 33171, 33171, 73076, 73076, 746563, 155314, 275932, 275932, 536358, 136685, 136685, 37281, 37281, 536358, 618197, 40378, 243726, 950405, 345350, 369973, 369973, 242511, 275778, 896291, 896291, 805884, 17197, 17197, 284909, 284909, 468852, 410984, 410984, 362340, 362340, 933484, 933484, 917849, 917849, 216799, 350347, 750335, 350347, 215288, 36594, 314953, 36594, 304676, 314953, 304676, 647101, 269725, 647101, 269725, 69359, 69359, 101378, 341183, 235800, 16680, 303360, 303360, 268791, 268791, 361397, 361397, 81764, 81764, 727625, 727625, 344085, 82269, 82269, 275919, 85540, 667837, 288803, 288803, 78531, 78531, 907830, 907830, 666663, 666663, 348100, 348100, 259374, 259374, 901633, 484131, 484131, 261497, 339638, 339638, 41463, 41463, 711390, 112179, 112179, 306765, 306765, 42279, 42279, 11586, 11586, 784747, 784747, 579529, 579529, 2051, 2051, 2721, 2721, 2024, 2024, 2797, 2797, 2123, 2123, 2656, 2656, 936, 936, 1820, 1820, 665, 665, 7851, 7851, 2614, 2614, 1990, 1990, 2417, 2417, 2295, 2295, 1942, 1942, 1937, 1937, 1924, 1924, 23316, 23316, 5449, 5449, 5448, 5448, 359257, 359257, 459040, 459040, 602754, 602754, 292434, 292434, 602464, 602464, 144479, 144479, 252916, 252916, 614306, 86011, 86011, 540631, 37453, 37453, 947168, 382474, 8697, 382474, 379665, 8697, 795607, 795607, 606600, 186485, 186485, 482607, 482607, 172233, 250782, 443193, 250782, 371468, 371468, 801222, 152836, 152836, 158755, 158755, 443193, 425569, 425569, 493013, 493013, 371013, 371013, 63685, 467977, 63685, 6830, 6830, 333155, 577168, 333155, 52768, 52768, 226327, 345842, 345842, 226327, 799201, 260927, 260927, 524526, 524526, 329665, 249040, 249040, 426566, 426566, 930392, 341459, 341459, 120021, 120021, 832817, 832817, 768430, 940290, 825833, 825833, 53784, 53784, 768430, 317985, 317985, 83541, 83541, 276467, 276467, 156615, 949137, 949137, 352099, 352099, 513572, 513572, 488628, 488628, 901917, 901917, 40676, 40676, 792243, 792243, 314075, 332731, 332731, 176089, 176089, 195483, 195483, 925348, 643129, 293653, 293653, 50057, 778339, 778339, 616864, 616864, 906439, 906439, 252384, 252384, 4736, 4736, 390032, 179217, 179217, 55850, 55498, 55498, 12093, 7200, 448381, 12093, 448381, 494009, 494009, 4977, 853309, 310825, 4977, 5262, 54575, 5262, 54575, 11770, 5525, 11770, 5525, 37717, 37717, 6405, 700280, 6405, 227152, 6419, 6419, 744713, 227152, 744713, 405779, 5922, 884212, 5922, 158710, 158710, 884212, 223709, 223709, 5079, 5079, 301569, 301569, 5331, 5331, 505035, 505035, 52943, 52943, 240983, 240983, 911549, 911549, 274574, 274574, 7137, 7137, 296764, 296764, 7425, 7425, 352932, 358730, 545817, 545817, 361841, 286255, 286255, 867030, 867030, 15850, 942480, 215456, 215456, 592070, 592070, 331596, 632352, 632352, 277787, 277787, 272586, 272586, 83805, 72573, 771630, 602496, 385002, 602496, 771630, 151811, 385002, 553087, 62439, 553087, 62439, 536227, 858386, 536227, 440351, 52376, 450721, 52376, 858386, 420823, 450721, 184967, 184967, 252162, 399777, 536080, 626828, 289202, 142472, 399777, 142472, 75550, 75550, 312971, 333043, 312971, 333043, 314406, 4475, 4475, 85409, 56082, 56082, 105390, 415885, 415885, 28341, 28341, 134235, 4529, 4529, 235996, 59594, 348997, 348997, 282696, 358708, 235996, 315000, 6995, 4535, 6995, 539501, 296761, 60265, 296761, 60265, 5240, 150599, 5240, 56404, 278586, 58146, 58146, 56404, 320998, 6865, 6865, 320998, 172017, 748901, 6521, 6521, 756745, 193155, 756745, 8986, 81537, 81537, 193155, 6420, 6420, 5380, 5380, 3664, 3664, 505027, 505027, 424756, 424756, 102066, 102066, 6941, 6941, 4203, 4203, 859528, 859528, 21893, 21893, 5358, 5358, 52776, 52776, 5114, 5114, 109429, 283947, 109429, 283947, 6993, 6993, 415889, 415889, 7488, 7488, 4047, 4047, 56688, 56688, 71830, 71830, 7585, 7585, 5487, 5487, 343110, 198192, 343110, 6803, 6803, 7385, 7385, 7734, 7734, 732509, 7026, 7026, 6340, 6340, 176685, 176685, 2810, 35344, 2810, 430484, 430484, 35344, 328329, 6263, 6263, 328329, 43532, 43532, 6744, 328319, 6744, 328319, 220723, 577395, 220723, 6805, 6805, 6343, 67886, 6343, 461605, 461605, 35112, 35112, 70098, 70098, 52324, 266070, 266070, 674530, 674530, 550914, 464880, 354568, 389302, 389302, 129021, 129021, 32318, 32318, 397798, 40299, 42561, 42561, 215009, 215009, 72934, 72934, 446201, 446201, 103205, 103205, 9020, 847264, 9020, 441654, 794932, 14113, 114174, 14113, 21305, 878086, 878086, 120668, 181487, 120668, 385985, 20438, 587244, 587244, 132464, 132464, 113281, 113281, 78277, 536803, 369656, 354437, 353628, 353628, 370431, 337589, 33649, 33649, 196052, 124452, 124452, 164875, 164875, 54419, 54419, 473225, 473225, 49346, 79634, 79634, 49346, 17184, 760464, 17184, 10652, 38732, 38732, 39180, 761689, 39180, 283195, 115341, 926408, 497498, 497498, 877309, 877309, 100758, 100758, 355583, 1713, 498073, 210519, 210519, 141313, 31417, 74018, 74018, 156644, 660618, 156644, 197976, 50780, 662553, 662553, 286997, 373578, 373578, 712901, 280930, 280930, 10882, 10882, 748021, 142149, 105225, 105225, 133156, 134503, 37954, 37954, 35888, 16998, 16993, 91802, 17067, 111246, 217400, 351889, 351889, 281332, 91797, 209494, 209494, 626706, 626706, 777011, 266052, 384790, 374122, 374122, 274013, 274013, 53109, 532620, 280348, 171891, 507436, 52026, 52026, 9109, 9109, 256521, 37390, 60209, 55890, 338607, 338607, 912958, 912958, 119358, 18223, 601817, 446352, 446352, 894563, 583165, 72753, 72753, 7266, 263138, 7266, 263138, 5763, 5763, 871659, 687212, 687212, 629882, 154464, 629882, 628284, 5927, 628284, 650651, 26035, 650651, 282467, 802584, 802584, 282467, 117150, 117150, 7821, 7821, 6470, 6470, 765748, 953421, 765748, 6866, 727082, 6866, 727082, 415899, 107334, 415899, 107334, 6472, 6472, 115624, 5419, 5419, 176377, 4775, 102162, 4775, 102162, 92874, 143961, 143961, 143338, 36138, 143338, 5814, 678859, 5814, 678856, 6266, 6266, 44962, 7043, 7043, 44962, 410176, 410176, 675855, 117148, 117148, 675855, 3933, 3933, 59348, 6523, 6523, 384449, 48869, 48869, 6522, 6522, 313657, 79395, 79395, 80781, 39094, 67561, 740378, 740378, 254387, 254387, 304906, 304906, 121399, 121399, 1713, 1713, 308629, 308629, 19339, 19339, 4516, 4516, 419832, 419832, 467229, 467229, 938337, 47975, 85354, 38925, 12062, 237598, 519606, 38424, 38424, 19194, 19194, 742433, 742433, 95261, 95261, 455836, 455836, 68463, 68463, 451234, 451234, 3189, 3189, 79560, 79560, 77090, 77090, 194578, 194578, 3216, 3216, 670182, 670182, 22459, 22459, 779527, 779527, 440737, 440737, 34678, 34678, 34648, 34648, 47344, 47344, 34526, 34526, 881011, 881011, 47468, 668582, 668582, 24297, 24297, 415769, 415769, 17788, 17788, 40751, 40751, 263549, 263549, 256326, 256326, 875613, 875613, 261959, 261959, 178928, 178928, 178925, 178925, 69031, 69031, 363406, 363406, 178924, 178924, 121055, 121055, 202137, 202137, 491261, 491261, 322755, 322755, 296042, 296042, 126283, 126283, 76151, 76151, 209788, 209788, 940472, 940472, 76335, 26783, 92401, 92401, 491774, 372716, 143115, 143115, 120134, 43082, 453427, 40485, 97419, 97419, 87433, 87433, 32232, 32232, 170682, 189666, 189666, 2955, 99279, 300531, 57528, 897044, 2013, 2013, 886934, 886934, 186293, 141045, 141045, 57671, 57671, 357522, 301503, 734467, 734467, 446899, 182165, 182165, 227229, 227229, 33312, 56322, 56322, 2745, 191494, 191494, 48645, 356228, 172185, 172185, 178942, 178942, 86542, 86542, 390002, 390002, 122076, 122076, 4129, 4129, 181489, 181489, 279421, 279421, 348540, 348540, 483575, 483575, 394766, 726293, 74205, 7999, 7999, 22170, 22170, 32420, 32420, 486496, 901801, 901801, 105800, 105800, 37432, 37432, 715815, 47227, 47227, 213693, 213693, 59051, 59051, 122228, 492917, 773861, 773861, 331760, 331760, 191593, 191593, 405020, 405020, 130428, 130428, 880656, 880656, 498051, 497599, 497599, 117223, 117223, 572899, 572899, 50621, 50621, 112104, 81476, 81476, 382596, 382596, 398517, 573017, 878666, 222763, 222763, 192638, 192638, 92135, 92135, 154426, 36897, 27593, 764, 764, 630471, 630471, 684884, 8208, 8208, 218188, 21984, 902567, 902567, 55592, 55592, 139099, 276211, 276211, 274761, 72995, 9776, 87409, 119780, 119780, 56310, 56310, 139014, 139014, 45044, 59486, 94207, 94207, 119507, 119507, 368170, 368170, 64140, 64140, 181745, 901640, 174618, 925591, 464146, 494817, 494817, 547993, 176822, 176822, 342947, 413955, 54135, 63713, 153920, 386126, 614114, 2008, 2008, 117063, 128575, 128575, 665667, 121601, 121601, 342896, 342896, 551981, 881020, 881020, 626973, 23817, 23817, 261949, 207424, 207424, 28284, 28284, 55683, 55683, 61586, 61586, 216173, 171219, 171219, 87928, 87928, 264648, 745381, 745381, 53560, 53560, 539756, 134534, 134534, 115221, 596908, 134515, 134515, 622188, 622188, 71609, 731229, 731229, 288353, 10580, 10580, 103800, 103800, 52904, 671345, 671345, 98394, 98394, 145115, 145115, 154396, 154396, 58431, 58431, 196071, 792319, 267831, 467744, 467744, 119025, 49647, 118956, 118956, 386706, 47752, 163023, 33386, 33386, 359944, 47751, 24826, 24826, 380384, 141843, 141843, 120401, 120401, 60933, 60933, 125989, 128991, 128991, 20227, 20227, 10576, 22927, 112094, 112094, 96057, 96057, 70979, 70979, 46257, 154972, 154972, 6621, 12092, 628469, 628469, 13987, 5116, 5116, 38532, 38532, 243492, 243492, 218716, 182113, 182113, 2428, 2428, 2771, 362664, 2456, 2456, 14515, 14515, 69126, 208042, 741773, 741773, 203088, 203088, 14066, 14180, 14180, 14248, 14248, 39030, 39030, 16680, 15443, 228529, 103049, 683249, 130045, 479413, 479413, 200168, 200168, 17017, 17017, 40830, 12095, 20838, 20838, 56663, 436798, 436798, 10601, 265046, 189013, 747991, 747991, 371909, 543198, 142065, 4267, 4267, 676361, 676361, 194609, 194609, 7747, 7747, 924553, 924553, 626729, 626729, 828549, 828549, 927285, 465986, 78565, 78565, 36995, 247198, 247198, 93987, 547377, 261756, 261756, 124359, 8277, 8277, 475244, 475244, 3092, 36514, 36514, 246871, 246871, 130993, 130993, 151799, 151799, 58850, 204112, 204112, 238825, 605381, 197747, 39202, 39202, 710471, 915464, 915464, 1838, 1838, 46257, 294727, 294727, 277554, 296139, 296139, 128670, 128670, 306254, 306254, 396456, 396456, 377400, 377400, 306091, 306091, 6761, 6761, 155222, 155222, 14960, 14960, 50302, 50302, 25631, 25631, 62785, 62785, 500180, 759976, 66961, 66961, 399827, 532807, 532807, 57559, 57559, 44346, 44346, 56034, 410155, 410155, 670335, 7345, 7345, 7339, 133867, 125635, 619386, 55350, 55350, 66250, 66250, 408607, 408607, 152015, 152015, 16822, 116808, 116808, 65577, 65577, 52505, 233859, 424399, 17313, 582667, 38000, 38000, 225977, 278122, 101112, 136403, 826064, 4701, 251300, 915552, 249005, 195319, 195319, 190373, 190373, 32982, 32982, 284540, 284540, 362990, 455896, 26975, 26975, 415403, 86459, 86512, 86512, 278702, 99153, 11720, 11720, 4516, 4516, 795461, 873557, 196149, 150593, 150593, 4502, 4502, 196124, 196124, 608484, 499963, 499963, 497823, 781294, 781294, 68868, 19810, 19810, 558750, 558750, 80132, 80132, 446804, 118189, 14063, 35115, 35115, 2861, 2861, 20780, 20780, 749908, 438671, 85894, 85894, 56171, 56171, 55612, 55612, 377570, 124538, 264210, 264210, 120974, 120974, 75675, 75675, 50493, 761436, 761436, 360406, 54677, 54677, 92911, 209498, 209498, 685854, 619449, 771237, 185391, 64925, 64925, 358363, 112838, 112838, 357668, 612702, 108324, 1947, 1947, 341529, 341529, 51199, 762778, 131047, 63205, 5133, 5133, 103475, 103475, 276327, 398916, 56504, 56504, 99639, 99639, 61244, 419873, 349781, 319291, 197015, 143055, 39278, 60179, 60179, 123626, 123626, 491017, 491017, 441867, 714398, 714398, 168987, 168987, 77887, 41945, 41945, 181173, 86510, 86510, 85555, 85555, 238741, 238741, 25625, 55908, 55908, 254227, 107060, 107060, 146206, 146206, 130524, 784125, 44925, 24120, 24120, 193349, 193349, 34421, 34421, 12354, 94184, 43092, 43092, 433130, 9148, 9148, 732467, 87999, 863635, 626900, 626900, 770546, 274984, 274984, 189966, 16861, 924273, 559039, 559039, 210448, 210448, 39490, 39490, 633485, 633485, 49428, 36893, 36893, 269601, 67533, 67533, 224874, 79649, 176764, 36922, 204428, 86654, 86654, 194644, 209412, 407330, 65884, 577995, 112049, 718283, 718283, 35825, 786371, 343294, 343294, 52066, 52066, 276123, 106243, 552708, 129192, 129192, 467025, 303590, 303590, 490173, 2394, 2394, 149922, 149922, 10652, 6879, 445082, 276879, 382439, 58278, 59294, 59294, 33688, 33688, 56286, 86924, 708417, 769532, 456301, 456301, 252281, 86518, 86518, 355634, 355634, 16520, 16520, 784125, 61681, 34091, 867082, 867082, 196172, 351959, 638970, 110770, 460117, 572345, 572345, 148199, 148199, 543138, 558286, 181343, 181343, 270264, 207667, 207667, 28679, 28679, 189594, 528948, 528948, 200873, 176851, 176851, 30641, 30641, 61784, 827, 2250, 2250, 63090, 202259, 118191, 118191, 79652, 79652, 380133, 17741, 4114, 253161, 475062, 475062, 104367, 104367, 107287, 107287, 186187, 479575, 55518, 55518, 56288, 56288, 56297, 405783, 405783, 1741, 631236, 8353, 77419, 25131, 25131, 32263, 543710, 10947, 102355, 75782, 162530, 124427, 7010, 830462, 31619, 438669, 438669, 43311, 43311, 7340, 7340, 4487, 4487, 7821, 7821, 4358, 737328, 938376, 938376, 85158, 127189, 127189, 14478, 14478, 477993, 60397, 60397, 251185, 251185, 24796, 24796, 614332, 614332, 53777, 53777, 554523, 554523, 289752, 289752, 194871, 38875, 38875, 35355, 56004, 56004, 746496, 23214, 23214, 35575, 35575, 597932, 139063, 86092, 49348, 49348, 646270, 263861, 750331, 750331, 769099, 734650, 32042, 32042, 530256, 20864, 20864, 681680, 681680, 58313, 53111, 53111, 2821, 325076, 325076, 602631, 602631, 291707, 48198, 48198, 746806, 746806, 613657, 341713, 73465, 14171, 178368, 178368, 52830, 827127, 65159, 65159, 260171, 260171, 39767, 39767, 9735, 9735, 316833, 390415, 390415, 309091, 143910, 143910, 709758, 709758, 526990, 185563, 47484, 47484, 366644, 287926, 295181, 486370, 48806, 48806, 303337, 738874, 49920, 49920, 46817, 172200, 367074, 443953, 443953, 102047, 138357, 138357, 17334, 69950, 8717, 8716, 8716, 152813, 83340, 194703, 70964, 110679, 110679, 81098, 47811, 310316, 310316, 358665, 178303, 477142, 4025, 4025, 82688, 11362, 655703, 655703, 752984, 752984, 597173, 536311, 265656, 628953, 71030, 152787, 157341, 157341, 781731, 315882, 415363, 791406, 188195, 48799, 426484, 505289, 1016, 491966, 491966, 480427, 587677, 209781, 252860, 252860, 460408, 855061, 460445, 253154, 31589, 189473, 283098, 290693, 14341, 17852, 918783, 943675, 217486, 54264, 496980, 294181, 395952, 700174, 238898, 44358, 36956, 911752]
--------------False LIST-------------------
[348427, 349587, 780875, 554019, 349378, 349378, 116635, 226323, 854160, 889969, 123257, 123257, 325437, 17499, 17499, 252354, 252354, 401317, 259484, 278195, 318136, 341690, 484519, 218985, 130199, 59378, 54603, 306030, 313257, 196149, 485468, 485468, 36939, 54601, 282234, 93268, 93268, 70081, 751974, 433091, 160844, 94199, 945067, 532691, 125960, 529172, 504187, 31375, 245553, 3703, 17521, 726769, 551450, 577565, 577565, 178921, 51658, 362682, 195016, 601825, 78248, 444861, 32941, 59193, 583374, 379320, 36343, 16938, 348996, 854434, 5272, 707914, 185715, 342847, 166281, 2051, 2768, 5944, 5944, 13251, 41074, 41074, 650485, 5449, 224450, 42849, 55059, 287943, 198596, 170752, 17368, 44975, 10582, 385537, 228593, 48891, 489158, 951390, 62851, 126422, 225301, 135082, 64944, 149649, 100758, 153941, 166609, 223506, 463584, 176501, 218716, 290841, 290841, 353379, 353379, 431884, 306210, 306210, 130086, 265936, 267451, 78088, 214341, 590383, 625576, 625576, 341942, 341942, 348705, 138071, 529959, 884687, 884687, 32950, 667059, 667059, 854189, 395277, 835302, 6357, 885018, 317281, 135905, 912501, 810934, 911759, 538037, 286839, 17368, 166609, 10649, 923966, 6522, 881909, 344285, 817169, 517724, 274752, 675351, 31653, 751364, 442495, 73856, 6522, 16938, 51656, 51656, 136412, 159641, 288740, 304990, 346236, 353324, 4336, 4336, 936, 936, 2568, 2568, 44962, 9702, 28335, 93233, 122427, 149649, 185537, 214341, 255743, 299618, 323947, 945001, 10649, 54601, 681721, 299618, 344285, 568011, 650485, 142353, 5621, 5621, 17410, 17410, 8620, 27149, 172905, 172905, 719428, 774920, 483672, 37736, 28679, 1820, 5951, 19700, 670357, 291492, 130001, 291492, 17337, 5483, 121055, 2519, 2519, 23258, 21256, 10820, 10820, 25143, 2417, 2417, 55592, 55592, 10705, 451234, 14558, 32318, 669, 2032, 2032, 5519, 5519, 678924, 146943, 348427, 780875, 746380, 5333, 10214, 1901, 1901, 52371, 52371, 1990, 1937, 1961, 1990, 2051, 2051, 2614, 665, 665, 11116, 335794, 11116, 14811, 1974, 1989, 9941, 9941, 101715, 8514, 8514, 110625, 20259, 110625, 4249, 11177, 4249, 215411, 215411, 5513, 5513, 155491, 7998, 11195, 2091, 101497, 10967, 3736, 150616, 279494, 56123, 53172, 2069, 3897, 1924, 17401, 17401, 311894, 311894, 62845, 213857, 213857, 95790, 78353, 78353, 78353, 2043, 8058, 8058, 17294, 17294, 3648, 3898, 38145, 4226, 4226, 17187, 17187, 17343, 17343, 33274, 3841, 3841, 410767, 115059, 3966, 2394, 12911, 12911, 6251, 135238, 10867, 16400, 25143, 550808, 116945, 263349, 263349, 63252, 538616, 22364, 22364, 44816, 220726, 3831, 61366, 747, 934, 10334, 146148, 31995, 402158, 35243, 28423, 1252, 1252, 66384, 35149, 35149, 27713, 27713, 110167, 110167, 3175, 16822, 951656, 180227, 114559, 152299, 152299, 120796, 114841, 25428, 1953, 1953, 32708, 3785, 3785, 8147, 8147, 48260, 48260, 44958, 5448, 13797, 1942, 1942, 373102, 73479, 7782, 14529, 53277, 125814, 125814, 317635, 1919, 1919, 17184, 17184, 7913, 86461, 5449, 5449, 20734, 11160, 12541, 5031, 5031, 111914, 111914, 46568, 331760, 74018, 290234, 27907, 27907, 276207, 108346, 2428, 41916, 2088, 44926, 126336, 71334, 158301, 313963, 353944, 912620, 31502, 7440, 274752, 45904, 45904, 164855, 538115, 765402, 139796, 580888, 195340, 13651, 13651, 35824, 292811, 272457, 827408, 410006, 225977, 6371, 425221, 12548, 407316, 407316, 298904, 298904, 464681, 250291, 332537, 140911, 6697, 6697, 465021, 496186, 286434, 8070, 608225, 288249, 270984, 270984, 207283, 207283, 43810, 43810, 246918, 246918, 683710, 120945, 62240, 274367, 146301, 469001, 296355, 296355, 722741, 3898, 4650, 115197, 82951, 104184, 440788, 440788, 98515, 1659, 130196, 182497, 10334, 10334, 11331, 87205, 53185, 143890, 143890, 675088, 2088, 159719, 41936, 2082, 95728, 934355, 23759, 166769, 209298, 345218, 93796, 403164, 13090, 392791, 9880, 15613, 220083, 451222, 648296, 710192, 710192, 15614, 861029, 4203, 4203, 317830, 19992, 35890, 35890, 111583, 360991, 8295, 8295, 16273, 3708, 6920, 40085, 107228, 107228, 2024, 2024, 3942, 23593, 710092, 1947, 609073, 530088, 232009, 140268, 445952, 872632, 408688, 408688, 189835, 73864, 19452, 1924, 7612, 159840, 159840, 170177, 9117, 323066, 87995, 102842, 54117, 10838, 308242, 1918, 1918, 125932, 113643, 126039, 48413, 6097, 85731, 425224, 425224, 99201, 5487, 5487, 50496, 391192, 800154, 800154, 62741, 445584, 53707, 508767, 774304, 70134, 148414, 458336, 344888, 437712, 39688, 39688, 884146, 884146, 894493, 2918, 19824, 12481, 675946, 104958, 104958, 489857, 239459, 239459, 50804, 8140, 814122, 109415, 7675, 194464, 470922, 6224, 6224, 184658, 133404, 749, 8248, 749, 184672, 754756, 5374, 115031, 684064, 14447, 14447, 734818, 584431, 584431, 23996, 23996, 120647, 284321, 360134, 16800, 78304, 256342, 907713, 39058, 206406, 818528, 39458, 3832, 39734, 59033, 7879, 171115, 41587, 3842, 817155, 373210, 125989, 67551, 3198, 4502, 4502, 32210, 87205, 86524, 127661, 34638, 207539, 207539, 92022, 330604, 758984, 425349, 87417, 10490, 10490, 312945, 7382, 28335, 531024, 6263, 125814, 125814, 67620, 6263, 43301, 6130, 2295, 11781, 550489, 132292, 132292, 6697, 6697, 3871, 2721, 17615, 36886, 7575, 2867, 2867, 41074, 41074, 485468, 5549, 798644, 862126, 25625, 56305, 33479, 5114, 5114, 323477, 883797, 883797, 649752, 649752, 53364, 17145, 17145, 12424, 284529, 284529, 158155, 132822, 181075, 541341, 53379, 342340, 116439, 810384, 630199, 35861, 35861, 92153, 120021, 766814, 275317, 251943, 251943, 237598, 649400, 648254, 9689, 66215, 66215, 308971, 22726, 55968, 55968, 309113, 642911, 67692, 27499, 78278, 11160, 376892, 124881, 938, 200106, 200106, 727006, 539293, 369430, 211116, 199852, 46062, 46062, 44081, 44081, 674776, 674776, 668128, 876155, 3755, 242400, 219276, 219276, 112685, 420952, 82992, 82992, 166240, 12606, 763981, 216925, 63238, 57119, 57119, 34143, 222543, 876073, 36035, 510915, 587144, 18092, 77930, 211193, 48517, 866691, 3648, 3648, 26866, 7924, 132182, 5549, 420952, 43745, 43745, 792312, 792312, 143083, 24806, 53910, 53910, 854988, 312134, 312134, 301451, 845280, 176649, 138403, 64977, 845158, 876750, 12541, 50427, 75303, 407043, 843505, 843505, 610022, 610022, 97121, 275868, 188745, 816915, 663386, 130979, 130979, 154101, 154101, 64698, 530931, 541543, 130857, 885870, 673101, 36211, 804693, 804693, 176675, 504939, 504939, 615497, 615497, 304370, 341481, 22364, 3138, 683331, 15742, 15742, 568994, 881344, 104130, 196851, 2629, 9115, 9115, 232009, 487940, 487940, 13567, 202151, 654284, 517987, 467684, 528850, 45088, 26866, 296366, 296366, 289169, 922734, 289245, 450700, 450700, 719817, 471849, 141158, 390750, 820662, 228483, 37589, 50321, 708137, 183165, 841202, 183014, 129767, 10864, 727160, 262648, 155360, 944672, 759024, 60397, 42377, 459900, 10968, 852148, 1820, 235754, 86792, 572345, 209640, 14718, 220180, 639951, 853251, 279347, 341709, 226192, 5272, 5272, 95937, 407006, 388265, 71830, 247142, 460445, 111382, 754957, 43010, 333497, 235634, 745043, 829500, 879721, 575717, 575717, 626174, 626174, 9019, 58277, 352374, 248252, 884198, 480681, 743040, 743040, 665747, 665747, 634329, 794659, 794659, 14379, 35150, 180860, 180860, 528575, 33937, 131719, 110364, 190508, 70976, 671, 138018, 952077, 16783, 64464, 872998, 354729, 312384, 462309, 36837, 364279, 32674, 668382, 12121, 520952, 18138, 3198, 447759, 343131, 755007, 755007, 252308, 252308, 186386, 791033, 238193, 159633, 893077, 626729, 135540, 152237, 63904, 435651, 435651, 48260, 70973, 70973, 12605, 16443, 34216, 7059, 790467, 34027, 292310, 57134, 57134, 720942, 300090, 662528, 482607, 296553, 865664, 820618, 265000, 317635, 213533, 400062, 676002, 36050, 335484, 2639, 725107, 50904, 51178, 351665, 351665, 601241, 32952, 353389, 18946, 726734, 275315, 526127, 17183, 363721, 38127, 872500, 159746, 159746, 298167, 300352, 463457, 463457, 860930, 5118, 5118, 8295, 262419, 246060, 246060, 704661, 579143, 329300, 329300, 51190, 537587, 135767, 346493, 346493, 291990, 464204, 821081, 247216, 68628, 767691, 359909, 192846, 61681, 549853, 549853, 261906, 261906, 343664, 599204, 599204, 14193, 14193, 34889, 34889, 873201, 27529, 160073, 160073, 28968, 1948, 214480, 214480, 489577, 489577, 198089, 198089, 915392, 6841, 6841, 281254, 281254, 50963, 118337, 628192, 628192, 471962, 471962, 763124, 763124, 2918, 5358, 642833, 36358, 215819, 215819, 57606, 514297, 514297, 523068, 922835, 223050, 223050, 437172, 871282, 94040, 7821, 316119, 36915, 8388, 517195, 662893, 6995, 29810, 813511, 117939, 273966, 21468, 53277, 445480, 940534, 193587, 468109, 13974, 564492, 525896, 10918, 10918, 23110, 761665, 93648, 700645, 139197, 459040, 361987, 361987, 397929, 214341, 214341, 945065, 158890, 668758, 789169, 51051, 658489, 658489, 248719, 248719, 14248, 104958, 193587, 109980, 30742, 199262, 199262, 341529, 858307, 263349, 95701, 464629, 33329, 386422, 188828, 137633, 52045, 615174, 120490, 214480, 171219, 752144, 6263, 6263, 32556, 628319, 628319, 285156, 929478, 929478, 95973, 684726, 782055, 363669, 363669, 11451, 700153, 700153, 202831, 202831, 104357, 43301, 43301, 766423, 194333, 18701, 14667, 44422, 252242, 12800, 7858, 562175, 11538, 443120, 443120, 12314, 12314, 266178, 6521, 39490, 359971, 165806, 685505, 51102, 37020, 153892, 259625, 259625, 16797, 268699, 865021, 678081, 833249, 149240, 239916, 350038, 889056, 260869, 33823, 41516, 16724, 83474, 138338, 684034, 335315, 493518, 107581, 317767, 2605, 513639, 816641, 784623, 43329, 626834, 216564, 679317, 310768, 122934, 122934, 726413, 726413, 5673, 6343, 6343, 35661, 4529, 69950, 25631, 223955, 153800, 153800, 780274, 292477, 292477, 105096, 669466, 669466, 181332, 137815, 734759, 734759, 524643, 850234, 59294, 307951, 307951, 425393, 425393, 685093, 626710, 700108, 242738, 355474, 355474, 124910, 135614, 135614, 86422, 478997, 259322, 518660, 518660, 65293, 170896, 5079, 235351, 558870, 780177, 15727, 118540, 1919, 1919, 34192, 34192, 19942, 34482, 34482, 110356, 134334, 204757, 310036, 2737, 38956, 219189, 624260, 96522, 151056, 383336, 23258, 22902, 850071, 850071, 291406, 67533, 291406, 132181, 4554, 574046, 64261, 74867, 36959, 274238, 59078, 565365, 138651, 86585, 359804, 359804, 39297, 165004, 16800, 105225, 260640, 260640, 3693, 3693, 294477, 685790, 885080, 288666, 57303, 896419, 896419, 48318, 48318, 293753, 293753, 451811, 593882, 593882, 483908, 483908, 95008, 95008, 190635, 190635, 412259, 685421, 685421, 936877, 84250, 826071, 826071, 317635, 93102, 241251, 359073, 43552, 525338, 823035, 631788, 94724, 94724, 37994, 149037, 203565, 837994, 328132, 839205, 309029, 241700, 313860, 421276, 421276, 122578, 122578, 149304, 792123, 300223, 300223, 756281, 756281, 3753, 43003, 3818, 3818, 677084, 33422, 66955, 253954, 93152, 16289, 154370, 539762, 57580, 69737, 108297, 73076, 6768, 760567, 760567, 31522, 22205, 517092, 517092, 880742, 460908, 608779, 787537, 160161, 370789, 215157, 104547, 20680, 20680, 551976, 683922, 683922, 18153, 471696, 678914, 161387, 78213, 705140, 705140, 207562, 207562, 136761, 136761, 706989, 32212, 528860, 528860, 679077, 679077, 80817, 80817, 480079, 849356, 126097, 308971, 194327, 163670, 120426, 120426, 192924, 291450, 429484, 109415, 32373, 301956, 290093, 6523, 891559, 891559, 205331, 373622, 533019, 225962, 330921, 148999, 842125, 648583, 207849, 40866, 188953, 311474, 252741, 307166, 349772, 36350, 349936, 754093, 452645, 370298, 93761, 261577, 7675, 307092, 4202, 4202, 14009, 286857, 817635, 189512, 137380, 420467, 867804, 9692, 12424, 12424, 4621, 23250, 34030, 263486, 806635, 296236, 319937, 319937, 216704, 216704, 675938, 945223, 491781, 589548, 909719, 638576, 638576, 865898, 865898, 190650, 190650, 334058, 469368, 876585, 270701, 11668, 4496, 458567, 275546, 308390, 761525, 93813, 93813, 672988, 739819, 609409, 597400, 848880, 574051, 8894, 54138, 54138, 8894, 154005, 154005, 10334, 17196, 32668, 818901, 19383, 818901, 304236, 35755, 35755, 219225, 133123, 793127, 133123, 195325, 195325, 738490, 149990, 47066, 373177, 180305, 180305, 7070, 209586, 275315, 1231, 1231, 39270, 39270, 672566, 672566, 266454, 4456, 291424, 522089, 348201, 35758, 547236, 245534, 155301, 415280, 77975, 911746, 608027, 877986, 877986, 679224, 907539, 743975, 786750, 28219, 214765, 749808, 201456, 201456, 49004, 323469, 323469, 251327, 715490, 2241, 650300, 650300, 251327, 11462, 845298, 95500, 123909, 123909, 530535, 170007, 358608, 597819, 292727, 292727, 79762, 79762, 74018, 106163, 106163, 756009, 4613, 4613, 292657, 250161, 250161, 70958, 740647, 630705, 203765, 203765, 892130, 805816, 936981, 326423, 744158, 453708, 453708, 292190, 183583, 183583, 536861, 536861, 537732, 537732, 292490, 823330, 823330, 798963, 381342, 381342, 48260, 184678, 184678, 702791, 277029, 254278, 102709, 280950, 553880, 670998, 905907, 758, 758, 287097, 802632, 802632, 426077, 819944, 64584, 12279, 12279, 353389, 11263, 912129, 747641, 747641, 125993, 677517, 677517, 25731, 115852, 106743, 457194, 805803, 368906, 952837, 768387, 104891, 104891, 312934, 585504, 93844, 55044, 55044, 54622, 589564, 589564, 189735, 10983, 10983, 171217, 675505, 13241, 649818, 649818, 55288, 228768, 228768, 188337, 32642, 168237, 85842, 85842, 106945, 193712, 268729, 12499, 197861, 405827, 405827, 42942, 641384, 249925, 249925, 40628, 59874, 85753, 368370, 763726, 5716, 5716, 27794, 27794, 459520, 796751, 796751, 91627, 201812, 932392, 633802, 685790, 685790, 275744, 3757, 188052, 106956, 1942, 11626, 563366, 14024, 47788, 104859, 595462, 153655, 827334, 313746, 577877, 5513, 624676, 662893, 853140, 431429, 35544, 268600, 3579, 558579, 442617, 140310, 15703, 453940, 171298, 487956, 19452, 120406, 527445, 890429, 10315, 266008, 6366, 927144, 735426, 99874, 6830, 2043, 191080, 722918, 41801, 637427, 877065, 14820, 3737, 17494, 379890, 861588, 26489, 12319, 104357, 726293, 151425, 4401, 69586, 566102, 95395, 589564, 487968, 78470, 130980, 36956, 16087, 63356, 740415, 123146]

