SCORE: 77 / 100
ERROR: 0
--------------Error LIST-------------------
[]
--------------False LIST-------------------
[524853, 32941, 5446, 194894, 397951, 313093, 331054, 133695, 1989, 108867, 23258, 113292, 17467, 673524, 884687, 51658, 344285, 15978, 53950, 21383, 374, 102, 373]

SCORE: 3296 / 4000
ERROR: 0
--------------Error LIST-------------------
[]
--------------False LIST-------------------
[348427, 349587, 780875, 554019, 349378, 349378, 116635, 854160, 889969, 123257, 123257, 325437, 17499, 17499, 252354, 252354, 401317, 259484, 278195, 318136, 341690, 484519, 218985, 130199, 59378, 54603, 306030, 313257, 196149, 485468, 485468, 36939, 54601, 282234, 93268, 93268, 70081, 751974, 433091, 160844, 94199, 945067, 532691, 412967, 125960, 529172, 504187, 31375, 245553, 3703, 17521, 726769, 551450, 577565, 577565, 178921, 51658, 362682, 195016, 601825, 78248, 444861, 59193, 583374, 379320, 36343, 16938, 348996, 854434, 707914, 185715, 342847, 166281, 2051, 2768, 5944, 5944, 13251, 41074, 41074, 650485, 5449, 224450, 42849, 55059, 287943, 198596, 170752, 17368, 44975, 10582, 385537, 228593, 48891, 489158, 951390, 62851, 126422, 136412, 190373, 225301, 135082, 64944, 149649, 100758, 153941, 166609, 223506, 463584, 176501, 218716, 290841, 290841, 353379, 353379, 431884, 306210, 306210, 130086, 130086, 265936, 267451, 78088, 214341, 590383, 625576, 625576, 341942, 341942, 348705, 138071, 529959, 884687, 884687, 32950, 667059, 667059, 854189, 395277, 835302, 6357, 6357, 885018, 317281, 135905, 912501, 810934, 911759, 538037, 286839, 17368, 166609, 10649, 923966, 6522, 881909, 344285, 817169, 517724, 274752, 675351, 31653, 751364, 442495, 73856, 6522, 16938, 51656, 51656, 136412, 159641, 291591, 288740, 304990, 346236, 353324, 936, 936, 2568, 2568, 44962, 9702, 28335, 37324, 93233, 122427, 149649, 185537, 214341, 255743, 299618, 323947, 945001, 54601, 681721, 299618, 344285, 568011, 650485, 142353, 5621, 17410, 17410, 8620, 27149, 172905, 172905, 719428, 774920, 483672, 37736, 28679, 1820, 5951, 670357, 291492, 130001, 291492, 17337, 5483, 121055, 2519, 2519, 23258, 21256, 10820, 25143, 3818, 2417, 2417, 55592, 55592, 10705, 451234, 14558, 32318, 669, 2032, 2032, 5519, 5519, 678924, 146943, 348427, 780875, 746380, 5333, 10214, 1901, 1901, 52371, 52371, 1990, 1937, 1961, 1961, 1990, 2051, 2051, 2614, 665, 665, 11116, 335794, 11116, 14811, 1974, 1989, 1989, 9941, 9941, 101715, 8514, 8514, 110625, 20259, 110625, 4249, 11177, 4249, 215411, 215411, 5513, 5513, 155491, 7998, 11195, 2091, 101497, 10967, 3736, 150616, 279494, 53172, 2069, 2069, 3897, 1924, 17401, 17401, 311894, 311894, 62845, 213857, 213857, 78353, 78353, 2043, 8058, 8058, 17294, 17294, 3648, 38145, 4226, 4226, 17187, 17187, 17343, 17343, 33274, 3841, 3841, 410767, 3966, 2394, 12911, 6251, 135238, 10867, 16400, 25143, 550808, 116945, 263349, 263349, 63252, 538616, 22364, 22364, 44816, 220726, 3831, 61366, 747, 934, 10334, 10334, 146148, 31995, 402158, 35243, 28423, 1252, 1252, 66384, 35149, 35149, 27713, 27713, 110167, 110167, 3175, 16822, 951656, 180227, 114559, 152299, 152299, 120796, 114841, 25428, 1953, 1953, 32708, 3785, 8147, 8147, 48260, 44958, 44958, 5448, 13797, 1942, 1942, 373102, 73479, 7782, 14529, 53277, 125814, 125814, 317635, 317635, 1919, 1919, 17184, 17184, 7913, 86461, 5449, 5449, 20734, 11160, 12541, 5031, 5031, 111914, 111914, 46568, 331760, 74018, 290234, 27907, 27907, 276207, 108346, 2428, 41916, 2088, 44926, 126336, 71334, 158301, 313963, 353944, 912620, 31502, 7440, 274752, 45904, 45904, 164855, 538115, 765402, 139796, 580888, 195340, 13651, 13651, 35824, 292811, 272457, 827408, 410006, 225977, 6371, 425221, 12548, 407316, 407316, 298904, 298904, 464681, 250291, 332537, 140911, 6697, 6697, 465021, 496186, 286434, 8070, 608225, 288249, 270984, 270984, 207283, 207283, 43810, 43810, 246918, 246918, 683710, 120945, 62240, 274367, 146301, 469001, 296355, 296355, 722741, 3898, 4650, 115197, 82951, 104184, 440788, 440788, 98515, 1659, 130196, 182497, 10334, 10334, 11331, 87205, 53185, 143890, 143890, 675088, 2088, 159719, 41936, 2082, 95728, 934355, 23759, 166769, 345218, 93796, 403164, 13090, 12279, 392791, 9880, 15613, 220083, 451222, 648296, 710192, 710192, 15614, 861029, 4203, 4203, 317830, 19992, 35890, 35890, 111583, 360991, 8295, 8295, 16273, 3708, 6920, 11674, 11674, 40085, 107228, 107228, 2024, 2024, 3942, 23593, 710092, 1947, 609073, 530088, 232009, 140268, 445952, 872632, 408688, 408688, 189835, 73864, 19452, 1924, 7612, 159840, 159840, 170177, 9117, 323066, 87995, 102842, 54117, 10838, 308242, 1918, 1918, 125932, 113643, 126039, 6097, 85731, 425224, 425224, 99201, 5487, 5487, 50496, 391192, 800154, 800154, 62741, 445584, 53707, 508767, 774304, 70134, 148414, 458336, 344888, 437712, 39688, 39688, 884146, 884146, 894493, 2918, 19824, 12481, 675946, 104958, 104958, 489857, 239459, 239459, 50804, 8140, 814122, 109415, 7675, 194464, 470922, 6224, 6224, 184658, 133404, 8248, 749, 184672, 754756, 5374, 115031, 684064, 14447, 14447, 734818, 584431, 584431, 23996, 120647, 284321, 16800, 78304, 256342, 907713, 39058, 206406, 818528, 39458, 3832, 39734, 59033, 7879, 171115, 41587, 3842, 817155, 373210, 125989, 67551, 3198, 4502, 4502, 32210, 87205, 86524, 34638, 207539, 207539, 330604, 758984, 425349, 87417, 10490, 10490, 312945, 28335, 531024, 6263, 125814, 67620, 6263, 43301, 43301, 6130, 2295, 11781, 550489, 132292, 132292, 6697, 6697, 3871, 2721, 36886, 7575, 2867, 2867, 41074, 485468, 5549, 798644, 862126, 25625, 56305, 33479, 5114, 5114]